Printing solution for Forward Checking and VAH1: 
9  6  8  7  2  15  3  14  13  1  4  10  5  12  11  
15  11  13  12  10  5  14  2  1  3  9  7  8  6  4  
4  15  10  13  3  6  1  11  9  12  5  14  2  7  8  
5  3  6  4  13  2  12  8  11  9  10  1  14  15  7  
7  2  11  6  1  14  13  10  4  8  12  9  3  5  15  
8  4  15  2  12  11  7  5  14  13  6  3  9  10  1  
1  9  12  10  8  13  5  4  3  2  15  11  7  14  6  
14  13  5  8  6  10  11  15  2  4  7  12  1  9  3  
12  5  14  9  4  7  6  3  15  10  8  13  11  1  2  
2  10  4  5  14  1  9  7  6  11  3  15  13  8  12  
11  14  3  1  7  12  8  9  5  15  2  6  4  13  10  
3  8  2  15  11  9  10  1  7  6  14  5  12  4  13  
13  12  9  11  5  4  15  6  8  7  1  2  10  3  14  
6  1  7  3  9  8  2  12  10  14  13  4  15  11  5  
10  7  1  14  15  3  4  13  12  5  11  8  6  2  9  
Total Nodes: 123922
Total Backtracks: 123815
Total time: 297 ms
